SR_44100:0.940667,-1.825712,0.885787,1.825712,-0.826454,0.840602,-1.238690,0.430985,1.238690,-0.271587,1.163160,-0.444538,-0.423448,0.444538,0.260288,0.449049,-0.001843,-0.440499,0.001843,0.991450
SR_48000:0.945101,-1.838794,0.894323,1.838794,-0.839424,0.849165,-1.282075,0.461553,1.282075,-0.310718,1.156937,-0.519419,-0.369159,0.519419,0.212221,0.449981,-0.003831,-0.438063,0.003831,0.988082
