SR_44100:0.977373,-1.933621,0.956444,1.933621,-0.933817,0.717165,-0.050599,-0.654029,0.050599,0.936863,1.699749,-0.104614,-1.497944,0.104614,0.798195,0.562365,-0.000007,-0.562257,0.000007,0.999892
SR_48000:0.979155,-1.938864,0.959875,1.938864,-0.939031,0.718323,-0.059088,-0.647259,0.059088,0.928935,1.688368,-0.135808,-1.457317,0.135808,0.768949,0.562389,-0.000041,-0.562172,0.000041,0.999783
