SR_44100:0.891360,-1.634850,0.747646,1.634850,-0.639007,0.879139,-1.314402,0.465862,1.314402,-0.345000,1.095032,0.319939,-0.652692,-0.319939,0.557660,0.316261,-0.000094,-0.316163,0.000094,0.999901,7.079458,0.000000,-7.079458,-0.000000,1.000000,0.846774,-0.417241,-0.336779,0.417241,0.490005,1.778248,-0.000023,-1.778166,0.000023,0.999918,0.707946,0.000000,-0.707945,-0.000000,1.000000,1.316702,-0.034721,-0.852086,0.034721,0.535384,0.633868,0.001857,-0.618093,-0.001857,0.984224,3.162278,0.000000,-3.162278,-0.000000,1.000000,0.988587,-1.961279,0.973489,1.961279,-0.962076
SR_48000:0.898708,-1.659862,0.764715,1.659862,-0.663423,0.885975,-1.355494,0.496074,1.355494,-0.382049,1.086180,0.339029,-0.498756,-0.339029,0.412576,0.316265,-0.000106,-0.316155,0.000106,0.999890,7.079458,0.000000,-7.079458,-0.000000,1.000000,0.850666,-0.463323,-0.302826,0.463323,0.452160,1.778224,-0.000055,-1.778081,0.000055,0.999857,0.707946,0.000000,-0.707944,-0.000000,0.999998,1.304542,-0.102143,-0.780976,0.102143,0.476434,0.635535,-0.000477,-0.610728,0.000477,0.975193,3.162278,0.000000,-3.162278,-0.000000,1.000000,0.989498,-1.964430,0.975605,1.964430,-0.965104
