SR_44100:0.988930,-1.968970,0.980240,1.968970,-0.969170,0.996534,-1.984843,0.989569,1.984843,-0.986103,0.995990,-1.979210,0.985684,1.979210,-0.981673,0.997963,-1.976120,0.982226,1.976120,-0.980189,0.998759,-1.971108,0.978417,1.971108,-0.977176,0.967495,-1.370308,0.434713,1.370308,-0.402208,1.097363,-1.169617,0.150585,1.169617,-0.247948,0.870507,-0.853526,0.093988,0.853526,0.035505,0.853539,-0.671212,-0.024733,0.671212,0.171194,0.811293,-0.508395,-0.103567,0.508395,0.292274,2.098570,-0.118679,-1.872287,0.118679,0.773717,0.516220,-0.012985,-0.455947,0.012985,0.939727,0.635831,0.003657,-0.609419,-0.003657,0.973588
SR_48000:0.989816,-1.971470,0.981823,1.971470,-0.971639,0.996814,-1.986161,0.990411,1.986161,-0.987225,0.996313,-1.981069,0.986837,1.981069,-0.983150,0.998127,-1.978347,0.983657,1.978347,-0.981784,0.998859,-1.973884,0.980152,1.973884,-0.979011,0.969408,-1.409768,0.467979,1.409768,-0.437387,1.092154,-1.219815,0.196024,1.219815,-0.288178,0.876040,-0.910470,0.132696,0.910470,-0.008736,0.859127,-0.732570,0.014363,0.732570,0.126511,0.817755,-0.571810,-0.065775,0.571810,0.248020,2.078745,-0.153185,-1.820452,0.153185,0.741707,0.520016,-0.024258,-0.444522,0.024258,0.924506,0.638336,-0.000000,-0.598348,0.000000,0.960012
