SR_44100:0.979807,-1.937207,0.957597,1.937207,-0.937403,0.717165,-0.050599,-0.654029,0.050599,0.936863,1.236585,-0.089453,-1.064026,0.089453,0.827441,0.562365,-0.000007,-0.562257,0.000007,0.999892,0.728046,0.065399,-0.590400,-0.065399,0.862354,3.162278,0.000000,-3.162278,-0.000000,1.000000
SR_48000:0.981400,-1.942176,0.960943,1.942176,-0.942343,0.718323,-0.059088,-0.647259,0.059088,0.928935,1.233287,-0.116401,-1.035254,0.116401,0.801966,0.562389,-0.000041,-0.562172,0.000041,0.999783,0.737082,0.064135,-0.537557,-0.064135,0.800475,3.162278,0.000000,-3.162278,-0.000000,1.000000
