SR_44100:0.977373,-1.933621,0.956444,1.933621,-0.933817,0.717165,-0.050599,-0.654029,0.050599,0.936863,1.375027,-0.094272,-1.193173,0.094272,0.818146,0.562365,-0.000007,-0.562257,0.000007,0.999892,0.728046,0.065399,-0.590400,-0.065399,0.862354,15.848932,0.000000,-15.848932,-0.000000,1.000000
SR_48000:0.979155,-1.938864,0.959875,1.938864,-0.939031,0.718323,-0.059088,-0.647259,0.059088,0.928935,1.369521,-0.122579,-1.160977,0.122579,0.791455,0.562389,-0.000041,-0.562172,0.000041,0.999783,0.737082,0.064135,-0.537557,-0.064135,0.800475,15.848932,0.000000,-15.848932,-0.000000,1.000000
