SR_44100:0.953008,-1.843105,0.890845,1.843105,-0.843853,0.901290,-1.289774,0.422738,1.289774,-0.324028,1.163160,-0.444538,-0.423448,0.444538,0.260288,0.318689,-0.001552,-0.311490,0.001552,0.992801,0.486106,-0.093524,-0.343610,0.093524,0.857504,0.985850,-1.956086,0.970286,1.956086,-0.956135,1.628960,-0.179902,-1.245245,0.179902,0.616285,15.848932,0.000000,-15.848932,-0.000000,1.000000,0.791202,-0.657878,0.254638,0.657878,-0.045839,0.638952,-0.001302,-0.595625,0.001302,0.956673,15.848932,0.000000,-15.848932,-0.000000,1.000000,1.513300,-0.157039,-1.268491,0.157039,0.755191,2.369752,-0.075177,-2.181729,0.075177,0.811977,0.398125,0.000017,-0.398065,-0.000017,0.999940,1.128633,-1.320880,0.247749,1.320880,-0.376382,0.807179,-0.467511,-0.127625,0.467511,0.320446,1.894199,-0.393339,-1.077091,0.393339,0.182892,0.501306,-0.000002,-0.500830,0.000002,0.999524,0.572387,-0.003431,-0.526479,0.003431,0.954092,0.446684,0.000000,-0.446684,-0.000000,1.000000
SR_48000:0.956551,-1.854990,0.899075,1.854990,-0.855626,0.906799,-1.331998,0.454957,1.331998,-0.361756,1.156937,-0.519419,-0.369159,0.519419,0.212221,0.319659,-0.003226,-0.309622,0.003226,0.989963,0.491017,-0.113310,-0.330772,0.113310,0.839755,0.986976,-1.959586,0.972651,1.959586,-0.959628,1.611928,-0.232825,-1.184444,0.232825,0.572515,15.848932,0.000000,-15.848932,-0.000000,1.000000,0.800896,-0.745211,0.289244,0.745211,-0.090140,0.641805,-0.009090,-0.583019,0.009090,0.941214,15.848932,0.000000,-15.848932,-0.000000,1.000000,1.504765,-0.190236,-1.230774,0.190236,0.726009,2.345073,-0.106864,-2.124404,0.106864,0.779331,0.398164,0.000024,-0.397976,-0.000024,0.999813,1.121147,-1.364537,0.291525,1.364537,-0.412672,0.813630,-0.531452,-0.089899,0.531452,0.276269,1.853675,-0.483744,-0.982959,0.483744,0.129284,0.501414,-0.000119,-0.500506,0.000119,0.999092,0.575674,-0.011886,-0.514747,0.011886,0.939073,0.446684,0.000000,-0.446683,-0.000000,0.999999
