SR_44100:0.940667,-1.825712,0.885787,1.825712,-0.826454,0.840602,-1.238690,0.430985,1.238690,-0.271587,1.163160,-0.444538,-0.423448,0.444538,0.260288,0.318689,-0.001552,-0.311490,0.001552,0.992801,0.597027,-0.104032,-0.438521,0.104032,0.841494
SR_48000:0.945101,-1.838794,0.894323,1.838794,-0.839424,0.849165,-1.282075,0.461553,1.282075,-0.310718,1.156937,-0.519419,-0.369159,0.519419,0.212221,0.319659,-0.003226,-0.309622,0.003226,0.989963,0.601305,-0.125905,-0.423249,0.125905,0.821943
