SR_44100:0.940667,-1.825712,0.885787,1.825712,-0.826454,0.840602,-1.238690,0.430985,1.238690,-0.271587,1.163160,-0.444538,-0.423448,0.444538,0.260288,0.318689,-0.001552,-0.311490,0.001552,0.992801,0.486106,-0.093524,-0.343610,0.093524,0.857504,0.990763,-1.962914,0.972201,1.962914,-0.962964,1.628960,-0.179902,-1.245245,0.179902,0.616285,15.848932,0.000000,-15.848932,-0.000000,1.000000
SR_48000:0.945101,-1.838794,0.894323,1.838794,-0.839424,0.849165,-1.282075,0.461553,1.282075,-0.310718,1.156937,-0.519419,-0.369159,0.519419,0.212221,0.319659,-0.003226,-0.309622,0.003226,0.989963,0.491017,-0.113310,-0.330772,0.113310,0.839755,0.991501,-1.965880,0.974421,1.965880,-0.965922,1.611928,-0.232825,-1.184444,0.232825,0.572515,15.848932,0.000000,-15.848932,-0.000000,1.000000
