SR_44100:0.907800,-1.662508,0.758936,1.662508,-0.666735,0.936016,-1.346461,0.441790,1.346461,-0.377806,0.446684,0.000000,-0.446684,-0.000000,1.000000
SR_48000:0.914134,-1.686013,0.775497,1.686013,-0.689631,0.939720,-1.386654,0.474101,1.386654,-0.413821,0.446684,0.000000,-0.446684,-0.000000,1.000000
