SR_44100:0.988930,-1.968970,0.980240,1.968970,-0.969170,0.996534,-1.984843,0.989569,1.984843,-0.986103,0.992734,-2.305461,1.315596,2.305461,-1.308330,0.997963,-1.976120,0.982226,1.976120,-0.980189,0.998759,-1.971108,0.978417,1.971108,-0.977176,0.967495,-1.370308,0.434713,1.370308,-0.402208,1.097363,-1.169617,0.150585,1.169617,-0.247948,0.870507,-0.853526,0.093988,0.853526,0.035505,0.853539,-0.671212,-0.024733,0.671212,0.171194,0.811293,-0.508395,-0.103567,0.508395,0.292274,2.098570,-0.118679,-1.872287,0.118679,0.773717,0.590094,-0.076845,-0.233622,0.076845,0.643528,0.766122,-0.721834,-0.033607,0.721834,0.267485
SR_48000:0.989816,-1.971470,0.981823,1.971470,-0.971639,0.996814,-1.986161,0.990411,1.986161,-0.987225,0.993408,-2.277364,1.286349,2.277364,-1.279757,0.998127,-1.978347,0.983657,1.978347,-0.981784,0.998859,-1.973884,0.980152,1.973884,-0.979011,0.969408,-1.409768,0.467979,1.409768,-0.437387,1.092154,-1.219815,0.196024,1.219815,-0.288178,0.876040,-0.910470,0.132696,0.910470,-0.008736,0.859127,-0.732570,0.014363,0.732570,0.126511,0.817755,-0.571810,-0.065775,0.571810,0.248020,2.078745,-0.153185,-1.820452,0.153185,0.741707,0.600521,-0.128023,-0.202240,0.128023,0.601719,0.773580,-0.763416,-0.000648,0.763416,0.227068
