SR_44100:0.988930,-1.968970,0.980240,1.968970,-0.969170,0.996534,-1.984843,0.989569,1.984843,-0.986103,0.995990,-1.979210,0.985684,1.979210,-0.981673,0.997963,-1.976120,0.982226,1.976120,-0.980189,0.998759,-1.971108,0.978417,1.971108,-0.977176,0.967495,-1.370308,0.434713,1.370308,-0.402208,1.047542,-1.144125,0.173207,1.144125,-0.220749,2.331900,-0.124874,-2.093805,0.124874,0.761905,0.576287,-0.013730,-0.512557,0.013730,0.936269,0.635831,0.003657,-0.609419,-0.003657,0.973588,1.505486,0.093776,-1.233960,-0.093776,0.728474,0.690565,0.063667,-0.556563,-0.063667,0.865998,10.000000,0.000000,-10.000000,-0.000000,1.000000,0.870507,-0.853526,0.093988,0.853526,0.035505
SR_48000:0.989816,-1.971470,0.981823,1.971470,-0.971639,0.996814,-1.986161,0.990411,1.986161,-0.987225,0.996313,-1.981069,0.986837,1.981069,-0.983150,0.998127,-1.978347,0.983657,1.978347,-0.981784,0.998859,-1.973884,0.980152,1.973884,-0.979011,0.969408,-1.409768,0.467979,1.409768,-0.437387,1.045051,-1.194622,0.216522,1.194622,-0.261573,2.306633,-0.161030,-2.035113,0.161030,0.728480,0.579802,-0.025638,-0.500012,0.025638,0.920211,0.638336,-0.000000,-0.598348,0.000000,0.960012,1.482333,0.068418,-1.131634,-0.068418,0.649301,0.700583,0.062492,-0.506169,-0.062492,0.805586,10.000000,0.000000,-10.000000,-0.000000,1.000000,0.876040,-0.910470,0.132696,0.910470,-0.008736
