SR_44100:0.929167,-1.764230,0.835466,1.764230,-0.764633,0.452824,-0.004785,-0.430628,0.004785,0.977804,0.398107,0.000000,-0.398107,-0.000000,1.000000
SR_48000:0.934295,-1.781328,0.847377,1.781328,-0.781672,0.454806,-0.009437,-0.425447,0.009437,0.970641,0.398107,0.000000,-0.398107,-0.000000,1.000000
