SR_44100:0.891360,-1.634850,0.747646,1.634850,-0.639007,0.879139,-1.314402,0.465862,1.314402,-0.345000,1.095032,0.319939,-0.652692,-0.319939,0.557660,0.316261,-0.000094,-0.316163,0.000094,0.999901,7.079458,0.000000,-7.079458,-0.000000,1.000000
SR_48000:0.898708,-1.659862,0.764715,1.659862,-0.663423,0.885975,-1.355494,0.496074,1.355494,-0.382049,1.086180,0.339029,-0.498756,-0.339029,0.412576,0.316265,-0.000106,-0.316155,0.000106,0.999890,7.079458,0.000000,-7.079458,-0.000000,1.000000
