SR_44100:0.946889,-1.834618,0.888474,1.834618,-0.835363,0.840602,-1.238690,0.430985,1.238690,-0.271587,1.163160,-0.444538,-0.423448,0.444538,0.260288,0.318689,-0.001552,-0.311490,0.001552,0.992801,0.486106,-0.093524,-0.343610,0.093524,0.857504,0.985850,-1.956086,0.970286,1.956086,-0.956135,1.628960,-0.179902,-1.245245,0.179902,0.616285,10.000000,0.000000,-10.000000,-0.000000,1.000000,0.791202,-0.657878,0.254638,0.657878,-0.045839,0.638952,-0.001302,-0.595625,0.001302,0.956673,9.993899,-0.001311,-9.992543,0.001311,0.998644,1.678096,-0.165147,-1.420649,0.165147,0.742552,1.715785,-0.064211,-1.555189,0.064211,0.839404,0.630971,0.000021,-0.630896,-0.000021,0.999925
SR_48000:0.950876,-1.847090,0.896846,1.847090,-0.847723,0.849165,-1.282075,0.461553,1.282075,-0.310718,1.156937,-0.519419,-0.369159,0.519419,0.212221,0.319659,-0.003226,-0.309622,0.003226,0.989963,0.491017,-0.113310,-0.330772,0.113310,0.839755,0.986976,-1.959586,0.972651,1.959586,-0.959628,1.611928,-0.232825,-1.184444,0.232825,0.572515,10.000000,0.000000,-10.000000,-0.000000,1.000000,0.800896,-0.745211,0.289244,0.745211,-0.090140,0.641805,-0.009090,-0.583019,0.009090,0.941214,9.993251,-0.001458,-9.991751,0.001458,0.998500,1.666250,-0.199885,-1.378361,0.199885,0.712111,1.704741,-0.091517,-1.515764,0.091517,0.811023,0.631001,0.000031,-0.630765,-0.000031,0.999764
