SR_44100:1.011194,-1.991012,0.980019,1.991012,-0.991214,1.003478,-1.991747,0.989533,1.991747,-0.993011,1.004027,-1.987179,0.985626,1.987179,-0.989653,1.002041,-1.980155,0.982190,1.980155,-0.984231,1.001243,-1.973558,0.978390,1.973558,-0.979633,1.033597,-1.416345,0.415721,1.416345,-0.449317,0.911276,-1.065844,0.225949,1.065844,-0.137225,1.148756,-0.980493,-0.040787,0.980493,-0.107969,1.171593,-0.786387,-0.200570,0.786387,0.028977,1.232600,-0.626648,-0.360257,0.626648,0.127656,0.476515,-0.056552,-0.368688,0.056552,0.892173,1.937160,-0.025153,-1.820401,0.025153,0.883242,1.572745,0.005752,-1.531206,-0.005752,0.958461,0.814912,0.069129,-0.614750,-0.069129,0.799838,1.448089,0.092196,-1.254042,-0.092196,0.805953,0.251189,0.000000,-0.251189,-0.000000,1.000000
SR_48000:1.010289,-1.991754,0.981636,1.991754,-0.991925,1.003196,-1.992509,0.990380,1.992509,-0.993577,1.003701,-1.988401,0.986788,1.988401,-0.990489,1.001877,-1.982060,0.983627,1.982060,-0.985503,1.001143,-1.976139,0.980129,1.976139,-0.981272,1.031557,-1.454256,0.451190,1.454256,-0.482747,0.915622,-1.116889,0.263862,1.116889,-0.179484,1.141501,-1.039302,0.009972,1.039302,-0.151473,1.163973,-0.852691,-0.147255,0.852691,-0.016718,1.222860,-0.699244,-0.303294,0.699244,0.080434,0.481060,-0.073691,-0.356805,0.073691,0.875746,1.923018,-0.046648,-1.777840,0.046648,0.854823,1.566573,-0.000000,-1.503928,0.000000,0.937355,0.821238,0.051051,-0.559562,-0.051051,0.738324,1.427382,0.089201,-1.149879,-0.089201,0.722497,0.251189,0.000000,-0.251189,-0.000000,1.000000
