SR_44100:0.964115,-1.912513,0.948592,1.912513,-0.912707,0.717165,-0.050599,-0.654029,0.050599,0.936863,1.375027,-0.094272,-1.193173,0.094272,0.818146,0.562365,-0.000007,-0.562257,0.000007,0.999892,0.728046,0.065399,-0.590400,-0.065399,0.862354,15.848932,0.000000,-15.848932,-0.000000,1.000000,1.405628,-0.016126,-1.372128,0.016126,0.966500,3.162278,0.000000,-3.162278,-0.000000,1.000000,0.116048,0.103199,-0.003011,-0.103199,0.886963
SR_48000:0.966913,-1.919350,0.952601,1.919350,-0.919514,0.718323,-0.059088,-0.647259,0.059088,0.928935,1.369521,-0.122579,-1.160977,0.122579,0.791455,0.562389,-0.000041,-0.562172,0.000041,0.999783,0.737082,0.064135,-0.537557,-0.064135,0.800475,15.848932,0.000000,-15.848932,-0.000000,1.000000,1.404026,-0.022924,-1.362764,0.022924,0.958737,3.162278,0.000000,-3.162278,-0.000000,1.000000,0.063703,0.001284,-0.062407,-0.001284,0.998704
