SR_44100:1.071685,-1.408869,0.374601,1.408869,-0.446286,1.078514,-0.428537,-0.365427,0.428537,0.286914,0.318689,-0.001552,-0.311490,0.001552,0.992801,0.486106,-0.093524,-0.343610,0.093524,0.857504,0.985850,-1.956086,0.970286,1.956086,-0.956135,1.755018,-0.366153,-0.974046,0.366153,0.219028,0.754855,-0.639792,0.262232,0.639792,-0.017087,0.638952,-0.001302,-0.595625,0.001302,0.956673,15.848932,0.000000,-15.848932,-0.000000,1.000000,1.513300,-0.157039,-1.268491,0.157039,0.755191,2.369752,-0.075177,-2.181729,0.075177,0.811977,0.398125,0.000017,-0.398065,-0.000017,0.999940,1.041124,-1.272467,0.284811,1.272467,-0.325935,0.651914,-0.415767,-0.047572,0.415767,0.395658,1.881107,-0.422351,-1.046680,0.422351,0.165573,0.501306,-0.000002,-0.500830,0.000002,0.999524,0.572387,-0.003431,-0.526479,0.003431,0.954092,0.446684,0.000000,-0.446684,-0.000000,1.000000,-1.#IND00,0.000000,-1.#IND00,-0.000000,-1.#IND00
SR_48000:1.067337,-1.447532,0.412533,1.447532,-0.479870,1.075623,-0.501411,-0.315156,0.501411,0.239533,0.319659,-0.003226,-0.309622,0.003226,0.989963,0.491017,-0.113310,-0.330772,0.113310,0.839755,0.986976,-1.959586,0.972651,1.959586,-0.959628,1.721959,-0.454418,-0.887612,0.454418,0.165653,0.765938,-0.725650,0.295587,0.725650,-0.061525,0.641805,-0.009090,-0.583019,0.009090,0.941214,15.848932,0.000000,-15.848932,-0.000000,1.000000,1.504765,-0.190236,-1.230774,0.190236,0.726009,2.345073,-0.106864,-2.124404,0.106864,0.779331,0.398164,0.000024,-0.397976,-0.000024,0.999813,1.038814,-1.317333,0.324990,1.317333,-0.363804,0.662309,-0.474388,-0.016288,0.474388,0.353979,1.841052,-0.512166,-0.953639,0.512166,0.112587,0.501414,-0.000119,-0.500506,0.000119,0.999092,0.575674,-0.011886,-0.514747,0.011886,0.939073,0.446684,0.000000,-0.446683,-0.000000,0.999999,15.848932,0.000000,-15.848932,-0.000000,1.000000
