SR_44100:1.0010787107596,-1.99878617087525,0.997715574963084,1.99878617087525,-0.998794285722681,0.999780725962679,-1.99367803429511,0.993970157284844,1.99367803429511,-0.993750883247523,1,-1.98601889350056,0.986391784328338,1.98601889350056,-0.986391784328338,0.998917150975222,-1.96734127792872,0.970222606454243,1.96734127792872,-0.969139757429465,1.00522329746133,-1.9557662156646,0.9546778051257,1.9557662156646,-0.959901102587027,0.999258966248892,-1.91278392344284,0.925154096419646,1.91278392344284,-0.924413062668538,1,-1.812334959466,0.856498973537828,1.812334959466,-0.856498973537828,1.13334829072614,-1.62263046973667,0.729968990779382,1.62263046973667,-0.86331728150552,0.94303379532523,-1.30615061334799,0.72118604163185,1.30615061334799,-0.66421983695708,1.10732610885339,-1.13882403288038,0.699899458684947,1.13882403288038,-0.807225567538341,0.979824507381106,-0.545154990027173,0.41562739859025,0.545154990027173,-0.395451905971356
SR_48000:1.00099111404897,-1.99888534566272,0.997901081705397,1.99888534566272,-0.998892195754366,0.999798490836157,-1.99419565889228,0.994458675644035,1.99419565889228,-0.994257166480191,1,-1.9871756076432,0.987490541015455,1.9871756076432,-0.987490541015455,0.999003885482813,-1.97009157332888,0.972607728948163,1.97009157332888,-0.971611614430976,1.00480671421356,-1.95960303219331,0.958292469478292,1.95960303219331,-0.963099183691857,0.999317086446474,-1.92049347760152,0.931024353608046,1.92049347760152,-0.93034144005452,1,-1.82987060364974,0.867391536428733,1.82987060364974,-0.867391536428733,1.12318075650337,-1.66873356777012,0.750558302517145,1.66873356777012,-0.873739059020518,0.94695047939059,-1.37907069160557,0.740355761541663,1.37907069160557,-0.687306240932253,1.09935913268161,-1.24692685449433,0.722176366767611,1.24692685449433,-0.821535499449219,0.981029538096246,-0.681763573170603,0.450530483589808,0.681763573170603,-0.431560021686055
