SR_44100:0.907800,-1.662508,0.758936,1.662508,-0.666735,0.415233,-0.356510,-0.043743,0.356510,0.628510,0.511574,-0.197481,-0.277023,0.197481,0.765449,0.813416,-0.121822,-0.627804,0.121822,0.814389,3.437402,-0.030597,-3.350491,0.030597,0.913088,0.398124,0.000009,-0.398069,-0.000009,0.999945,7.079458,0.000000,-7.079458,-0.000000,1.000000
SR_48000:0.914134,-1.686013,0.775497,1.686013,-0.689631,0.425128,-0.385448,-0.026083,0.385448,0.600955,0.517611,-0.222024,-0.261239,0.222024,0.743628,0.815731,-0.147169,-0.607603,0.147169,0.791872,3.410652,-0.047727,-3.302744,0.047727,0.892092,0.398152,0.000004,-0.398004,-0.000004,0.999852,7.079458,0.000000,-7.079458,-0.000000,1.000000
